1.283710937500000000e+02
2.726914062500000000e+02
1.283710937500000000e+02
3.081367187500000000e+02
1.283710937500000000e+02
3.435820312500000000e+02
1.352851562500000000e+02
3.844804687500000000e+02
1.514179687500000000e+02
4.171992187500000000e+02
1.767695312500000000e+02
4.417382812500000000e+02
1.998164062500000000e+02
4.608242187500000000e+02
2.320820312500000000e+02
4.771835937500000000e+02
2.643476562500000000e+02
4.771835937500000000e+02
2.989179687500000000e+02
4.771835937500000000e+02
3.288789062500000000e+02
4.608242187500000000e+02
3.542304687500000000e+02
4.390117187500000000e+02
3.772773437500000000e+02
4.117460937500000000e+02
3.911054687500000000e+02
3.817539062500000000e+02
4.026289062500000000e+02
3.463085937500000000e+02
4.049335937500000000e+02
3.108632812500000000e+02
4.049335937500000000e+02
2.699648437500000000e+02
1.329804687500000000e+02
2.481523437500000000e+02
1.548750000000000000e+02
2.290664062500000000e+02
1.813789062500000000e+02
2.290664062500000000e+02
2.067304687500000000e+02
2.304296875000000000e+02
2.320820312500000000e+02
2.358828125000000000e+02
2.896992187500000000e+02
2.386093750000000000e+02
3.127460937500000000e+02
2.304296875000000000e+02
3.415546875000000000e+02
2.277031250000000000e+02
3.680585937500000000e+02
2.304296875000000000e+02
3.911054687500000000e+02
2.426992187500000000e+02
2.597382812500000000e+02
2.808710937500000000e+02
2.597382812500000000e+02
3.081367187500000000e+02
2.597382812500000000e+02
3.354023437500000000e+02
2.597382812500000000e+02
3.599414062500000000e+02
2.320820312500000000e+02
3.735742187500000000e+02
2.459101562500000000e+02
3.790273437500000000e+02
2.620429687500000000e+02
3.790273437500000000e+02
2.781757812500000000e+02
3.735742187500000000e+02
2.920039062500000000e+02
3.708476562500000000e+02
1.514179687500000000e+02
2.754179687500000000e+02
1.721601562500000000e+02
2.672382812500000000e+02
2.090351562500000000e+02
2.726914062500000000e+02
2.205585937500000000e+02
2.890507812500000000e+02
2.067304687500000000e+02
2.945039062500000000e+02
1.698554687500000000e+02
2.890507812500000000e+02
3.035273437500000000e+02
2.890507812500000000e+02
3.150507812500000000e+02
2.726914062500000000e+02
3.588398437500000000e+02
2.672382812500000000e+02
3.726679687500000000e+02
2.754179687500000000e+02
3.588398437500000000e+02
2.863242187500000000e+02
3.196601562500000000e+02
2.917773437500000000e+02
2.044257812500000000e+02
4.008398437500000000e+02
2.274726562500000000e+02
4.035664062500000000e+02
2.551289062500000000e+02
4.008398437500000000e+02
2.643476562500000000e+02
4.035664062500000000e+02
2.712617187500000000e+02
4.035664062500000000e+02
2.966132812500000000e+02
4.035664062500000000e+02
3.219648437500000000e+02
4.008398437500000000e+02
3.035273437500000000e+02
4.144726562500000000e+02
2.850898437500000000e+02
4.226523437500000000e+02
2.620429687500000000e+02
4.281054687500000000e+02
2.413007812500000000e+02
4.253789062500000000e+02
2.228632812500000000e+02
4.171992187500000000e+02
2.067304687500000000e+02
4.035664062500000000e+02
2.343867187500000000e+02
4.117460937500000000e+02
2.643476562500000000e+02
4.117460937500000000e+02
2.920039062500000000e+02
4.090195312500000000e+02
3.196601562500000000e+02
4.008398437500000000e+02
2.920039062500000000e+02
4.090195312500000000e+02
2.643476562500000000e+02
4.117460937500000000e+02
2.343867187500000000e+02
4.117460937500000000e+02
