6.416796875000000000e+01
1.411367187500000000e+02
6.416796875000000000e+01
1.581054687500000000e+02
6.531640625000000000e+01
1.764882812500000000e+02
6.761328125000000000e+01
1.934570312500000000e+02
7.680078125000000000e+01
2.090117187500000000e+02
8.828515625000000000e+01
2.203242187500000000e+02
1.009179687500000000e+02
2.302226562500000000e+02
1.158476562500000000e+02
2.344648437500000000e+02
1.319257812500000000e+02
2.344648437500000000e+02
1.491523437500000000e+02
2.344648437500000000e+02
1.640820312500000000e+02
2.302226562500000000e+02
1.755664062500000000e+02
2.203242187500000000e+02
1.870507812500000000e+02
2.090117187500000000e+02
1.950898437500000000e+02
1.948710937500000000e+02
1.996835937500000000e+02
1.764882812500000000e+02
2.019804687500000000e+02
1.609335937500000000e+02
2.019804687500000000e+02
1.397226562500000000e+02
6.646484375000000000e+01
1.227539062500000000e+02
7.794921875000000000e+01
1.149765625000000000e+02
9.058203125000000000e+01
1.142695312500000000e+02
1.043632812500000000e+02
1.156835937500000000e+02
1.158476562500000000e+02
1.185117187500000000e+02
1.445585937500000000e+02
1.192187500000000000e+02
1.566171875000000000e+02
1.156835937500000000e+02
1.703984375000000000e+02
1.135625000000000000e+02
1.841796875000000000e+02
1.149765625000000000e+02
1.962382812500000000e+02
1.227539062500000000e+02
1.296289062500000000e+02
1.397226562500000000e+02
1.296289062500000000e+02
1.538632812500000000e+02
1.307773437500000000e+02
1.680039062500000000e+02
1.307773437500000000e+02
1.807304687500000000e+02
1.158476562500000000e+02
1.878007812500000000e+02
1.227382812500000000e+02
1.892148437500000000e+02
1.307773437500000000e+02
1.906289062500000000e+02
1.388164062500000000e+02
1.878007812500000000e+02
1.457070312500000000e+02
1.849726562500000000e+02
7.680078125000000000e+01
1.397226562500000000e+02
8.598828125000000000e+01
1.354804687500000000e+02
1.032148437500000000e+02
1.354804687500000000e+02
1.101054687500000000e+02
1.439648437500000000e+02
1.043632812500000000e+02
1.467929687500000000e+02
8.598828125000000000e+01
1.453789062500000000e+02
1.525976562500000000e+02
1.439648437500000000e+02
1.583398437500000000e+02
1.354804687500000000e+02
1.790117187500000000e+02
1.340664062500000000e+02
1.870507812500000000e+02
1.383085937500000000e+02
1.801601562500000000e+02
1.439648437500000000e+02
1.594882812500000000e+02
1.467929687500000000e+02
1.020664062500000000e+02
2.005273437500000000e+02
1.146992187500000000e+02
2.019414062500000000e+02
1.273320312500000000e+02
2.005273437500000000e+02
1.319257812500000000e+02
2.019414062500000000e+02
1.353710937500000000e+02
2.019414062500000000e+02
1.491523437500000000e+02
2.005273437500000000e+02
1.606367187500000000e+02
2.005273437500000000e+02
1.525976562500000000e+02
2.061835937500000000e+02
1.422617187500000000e+02
2.118398437500000000e+02
1.319257812500000000e+02
2.146679687500000000e+02
1.204414062500000000e+02
2.118398437500000000e+02
1.112539062500000000e+02
2.075976562500000000e+02
1.043632812500000000e+02
2.019414062500000000e+02
1.169960937500000000e+02
2.047695312500000000e+02
1.319257812500000000e+02
2.061835937500000000e+02
1.457070312500000000e+02
2.047695312500000000e+02
1.594882812500000000e+02
2.005273437500000000e+02
1.457070312500000000e+02
2.033554687500000000e+02
1.319257812500000000e+02
2.061835937500000000e+02
1.169960937500000000e+02
2.047695312500000000e+02
